0
0
0
3
3
4
4
6
7
8
8
13
13
14
14
14
15
18
18
20
20
23
25
29
37
38
39
40
41
44
45
45
46
52
52
57
58
58
58
59
59
60
61
63
63
63
63
64
65
66
71
72
73
74
76
78
86
87
88
88
91
94
96
96
96
98
98
98
99
103
104
105
107
109
109
110
111
112
113
114
114
115
116
117
117
118
118
120
121
126
128
129
129
130
130
133
134
136
136
137
139
139
139
141
143
143
144
148
148
151
152
152
154
155
157
157
158
159
159
161
162
162
163
165
167
171
172
173
174
175
177
177
178
180
186
187
187
188
189
193
195
195
197
197
197
199
202
204
207
207
209
215
216
216
218
221
221
227
229
231
232
233
241
242
244
245
246
246
249
249
252
252
253
255
256
256
258
259
261
263
263
263
266
268
275
276
279
281
283
284
286
288
288
288
288
289
293
294
295
296
